# ghfkdsjgbfkadrjehbgfadrg
0 | Rogahn LLC | 205
1 | Walter-Schamberger | 75
2 | Schroeder Mante and Eichmann | 198
3 | O\Keefe LLC | 105
4 | VonRueden-Walker | 211
5 | Olson Ltd | 202
6 | Runolfsson-Osinski | 228
7 | Hansen Gerlach and Orn | 16
8 | Fadel Hansen and Botsford | 230
9 | Adams Rohan and Langosh | 135
# kldjjgbfdsjgbvkdsjgbfdskhjbhgfd
0 | Christiansen Ltd | 78
1 | Romaguera Inc | 10
2 | Jones Wisozk and Quitzon | 16
3 | Gleason LLC | 18
4 | Wilderman-Kulas | 75
5 | Wehner Group | 44
6 | Considine Doyle and Waters | 50
7 | Brekke Rempel and Kozey | 29
8 | Roberts LLC | 63
9 | Osinski Flatley and Ward | 53
10 | Halvorson Kub and Schultz | 43
11 | Gottlieb LLC | 63
12 | Goyette-Schamberger | 76
13 | Littel Group | 18
14 | Treutel-Crona | 42
15 | Hand PLC | 4
16 | Hartmann PLC | 44
17 | Fahey-Gerhold | 25
18 | Cummerata Stehr and Armstrong | 9
19 | Rogahn LLC | 48
20 | Lueilwitz Kirlin and Kilback | 21
21 | Swaniawski Padberg and King | 14
22 | Kertzmann LLC | 73
23 | Farrell Kessler and Weimann | 8
24 | Bergstrom LLC | 81
25 | Auer Hoeger and Lockman | 77
26 | Fisher Quigley and Connelly | 61
27 | O\Hara-Orn | 4
28 | Larson-Effertz | 33
29 | Emmerich-Bernhard | 25
30 | Streich Strosin and Spinka | 10
31 | Littel Group | 26
32 | Lesch-Spinka | 41
33 | Kiehn-McDermott | 20
34 | Spencer and Sons | 42
35 | Beer-Mayert | 53
36 | Boyer-Yundt | 83
37 | Kunde Padberg and Carroll | 54
38 | Rolfson Group | 15
39 | Flatley-Christiansen | 41
40 | Schaefer-Fahey | 47
41 | Volkman Group | 5
42 | Flatley-Christiansen | 55
43 | Hane-Champlin | 26
44 | Carroll PLC | 3
45 | Parker West and Lehner | 36
46 | Kshlerin Parisian and Boyer | 41
47 | Grady Ltd | 45
48 | Macejkovic-Windler | 57
49 | Herzog Collins and Shields | 16
50 | Price and Sons | 106
51 | Keeling Reynolds and Douglas | 50
52 | Schiller LLC | 72
53 | Simonis Sawayn and Ritchie | 38
54 | Bahringer-Hoeger | 36
55 | Denesik-Schmeler | 50
56 | Rosenbaum-Gutmann | 1
57 | Lind Schimmel and Reinger | 21
58 | Turner-Hyatt | 99
59 | Mann Russel and Torphy | 55
60 | Boyle-Bednar | 52
61 | Hettinger PLC | 33
62 | Cremin Group | 88
63 | Kilback Lueilwitz and McKenzie | 27
64 | Rath-Prohaska | 44
65 | Bosco Murray and Breitenberg | 19
66 | Considine-Schmitt | 92
67 | Donnelly Gulgowski and Steuber | 59
68 | Hyatt and Sons | 53
69 | Jenkins PLC | 84
# aliuwjgfdklijghfdskjghvbfdsjk
0 | 0 | 149 | 75.04
0 | 1 | 186 | 68.67
0 | 2 | 112 | 90.91
0 | 3 | 146 | 99.4
0 | 4 | 125 | 77.3
0 | 5 | 182 | 74.29
0 | 6 | 169 | 75.23
0 | 7 | 201 | 81.77
0 | 8 | 139 | 96.22
0 | 9 | 113 | 92.67
0 | 10 | 183 | 62.53
0 | 11 | 166 | 70.51
0 | 12 | 186 | 81.78
0 | 13 | 156 | 91.07
0 | 14 | 200 | 97.99
0 | 15 | 196 | 98.25
0 | 16 | 179 | 63.8
0 | 17 | 146 | 90.44
0 | 18 | 119 | 72.77
0 | 19 | 163 | 96.9
0 | 20 | 133 | 73.38
0 | 21 | 202 | 96.55
0 | 22 | 199 | 74.52
0 | 23 | 110 | 86.2
0 | 24 | 162 | 89.8
0 | 25 | 195 | 69.11
0 | 26 | 200 | 97.19
0 | 27 | 128 | 77.74
0 | 28 | 172 | 82.13
0 | 29 | 199 | 89.73
0 | 30 | 189 | 94.71
0 | 31 | 196 | 70.58
0 | 32 | 201 | 61.85
0 | 33 | 136 | 99.32
0 | 34 | 142 | 67.91
0 | 35 | 190 | 67.27
0 | 36 | 193 | 75.8
0 | 37 | 165 | 81.06
0 | 38 | 182 | 85.47
0 | 39 | 193 | 68.09
0 | 40 | 186 | 87.84
0 | 41 | 165 | 87.31
0 | 42 | 133 | 96.6
0 | 43 | 149 | 66.55
0 | 44 | 202 | 83.29
0 | 45 | 144 | 87.32
0 | 46 | 126 | 97.33
0 | 47 | 198 | 90.5
0 | 48 | 145 | 81.94
0 | 49 | 104 | 86.77
0 | 50 | 147 | 61.74
0 | 51 | 115 | 70.98
0 | 52 | 190 | 63.39
0 | 53 | 202 | 61.23
0 | 54 | 202 | 85.76
0 | 55 | 123 | 94.94
0 | 56 | 180 | 92.67
0 | 57 | 136 | 72.88
0 | 58 | 188 | 93.61
0 | 59 | 186 | 88.05
0 | 60 | 134 | 64.88
0 | 61 | 189 | 62.68
0 | 62 | 173 | 65.5
0 | 63 | 106 | 60.33
0 | 64 | 186 | 63.9
0 | 65 | 118 | 70.18
0 | 66 | 116 | 60.04
0 | 67 | 154 | 89.97
0 | 68 | 125 | 73.65
0 | 69 | 191 | 68.83
1 | 0 | 37 | 86.16
1 | 1 | 55 | 99.77
1 | 2 | 40 | 89.46
1 | 3 | 52 | 96.54
1 | 4 | 48 | 86.41
1 | 5 | 39 | 75.62
1 | 6 | 39 | 72.52
1 | 7 | 51 | 69.98
1 | 8 | 65 | 87.43
1 | 9 | 67 | 88.2
1 | 10 | 42 | 72.29
1 | 11 | 39 | 75.17
1 | 12 | 48 | 73.08
1 | 13 | 50 | 66.36
1 | 14 | 43 | 89.77
1 | 15 | 40 | 68.21
1 | 16 | 57 | 62
1 | 17 | 71 | 95.03
1 | 18 | 60 | 68.67
1 | 19 | 64 | 76.72
1 | 20 | 45 | 63.54
1 | 21 | 66 | 70.3
1 | 22 | 68 | 62.01
1 | 23 | 57 | 85.97
1 | 24 | 59 | 84.82
1 | 25 | 38 | 81.13
1 | 26 | 46 | 88.65
1 | 27 | 63 | 63.52
1 | 28 | 54 | 86.62
1 | 29 | 49 | 99.46
1 | 30 | 41 | 67.09
1 | 31 | 42 | 61.45
1 | 32 | 69 | 96.55
1 | 33 | 45 | 89.83
1 | 34 | 41 | 93.05
1 | 35 | 49 | 77.96
1 | 36 | 63 | 65.95
1 | 37 | 58 | 94.44
1 | 38 | 63 | 93.11
1 | 39 | 59 | 77.94
1 | 40 | 39 | 99.85
1 | 41 | 61 | 91.36
1 | 42 | 53 | 98.23
1 | 43 | 66 | 67.02
1 | 44 | 49 | 80.02
1 | 45 | 38 | 61.06
1 | 46 | 64 | 79.04
1 | 47 | 42 | 64.14
1 | 48 | 72 | 76.54
1 | 49 | 38 | 90.39
1 | 50 | 52 | 69.1
1 | 51 | 70 | 65.09
1 | 52 | 62 | 66.13
1 | 53 | 41 | 93.59
1 | 54 | 63 | 92.81
1 | 55 | 69 | 72.41
1 | 56 | 47 | 64.1
1 | 57 | 55 | 75.99
1 | 58 | 72 | 91.28
1 | 59 | 59 | 66.98
1 | 60 | 69 | 71.39
1 | 61 | 54 | 88.99
1 | 62 | 48 | 82.76
1 | 63 | 59 | 92.08
1 | 64 | 56 | 79.63
1 | 65 | 52 | 83.82
1 | 66 | 61 | 83.19
1 | 67 | 60 | 93.2
1 | 68 | 50 | 84.26
1 | 69 | 66 | 86.77
2 | 0 | 184 | 88.09
2 | 1 | 115 | 84.73
2 | 2 | 115 | 69.64
2 | 3 | 191 | 89.85
2 | 4 | 155 | 78.83
2 | 5 | 124 | 79.61
2 | 6 | 176 | 89.7
2 | 7 | 167 | 98.99
2 | 8 | 179 | 84.12
2 | 9 | 132 | 98.65
2 | 10 | 103 | 73.98
2 | 11 | 120 | 65.2
2 | 12 | 110 | 82.04
2 | 13 | 160 | 73.35
2 | 14 | 115 | 81.35
2 | 15 | 161 | 64.91
2 | 16 | 144 | 88.26
2 | 17 | 195 | 89.32
2 | 18 | 163 | 82.06
2 | 19 | 128 | 91.74
2 | 20 | 111 | 63.03
2 | 21 | 118 | 67.15
2 | 22 | 177 | 93.99
2 | 23 | 165 | 94.84
2 | 24 | 108 | 82.3
2 | 25 | 127 | 83.06
2 | 26 | 126 | 69.82
2 | 27 | 173 | 87.84
2 | 28 | 173 | 77.9
2 | 29 | 99 | 94.11
2 | 30 | 132 | 89.47
2 | 31 | 166 | 97.68
2 | 32 | 195 | 76.87
2 | 33 | 191 | 90.83
2 | 34 | 121 | 75.55
2 | 35 | 105 | 63.87
2 | 36 | 172 | 62.05
2 | 37 | 105 | 94.78
2 | 38 | 153 | 99.59
2 | 39 | 167 | 96.76
2 | 40 | 178 | 93.95
2 | 41 | 103 | 69.28
2 | 42 | 179 | 63.01
2 | 43 | 184 | 76.96
2 | 44 | 112 | 98.14
2 | 45 | 128 | 78.86
2 | 46 | 180 | 78.95
2 | 47 | 176 | 68.47
2 | 48 | 173 | 93.03
2 | 49 | 189 | 75.95
2 | 50 | 118 | 89.99
2 | 51 | 185 | 64.6
2 | 52 | 151 | 89.46
2 | 53 | 116 | 73.27
2 | 54 | 102 | 91.35
2 | 55 | 118 | 68.13
2 | 56 | 190 | 76.84
2 | 57 | 175 | 95.83
2 | 58 | 125 | 70.7
2 | 59 | 140 | 66.52
2 | 60 | 121 | 99.45
2 | 61 | 109 | 78.86
2 | 62 | 112 | 62.69
2 | 63 | 105 | 97.8
2 | 64 | 127 | 62.38
2 | 65 | 131 | 66.1
2 | 66 | 188 | 70.17
2 | 67 | 100 | 74.49
2 | 68 | 152 | 68.16
2 | 69 | 161 | 67.53
3 | 0 | 74 | 63.95
3 | 1 | 102 | 60.43
3 | 2 | 76 | 93.04
3 | 3 | 94 | 76.32
3 | 4 | 63 | 79.01
3 | 5 | 72 | 79.44
3 | 6 | 100 | 66.49
3 | 7 | 89 | 62.13
3 | 8 | 63 | 97.39
3 | 9 | 87 | 74.89
3 | 10 | 93 | 77.55
3 | 11 | 98 | 90.86
3 | 12 | 62 | 66.88
3 | 13 | 103 | 95.61
3 | 14 | 92 | 98.84
3 | 15 | 89 | 70.8
3 | 16 | 79 | 89.19
3 | 17 | 98 | 76.53
3 | 18 | 94 | 91.65
3 | 19 | 74 | 70.78
3 | 20 | 79 | 82.69
3 | 21 | 99 | 71.04
3 | 22 | 66 | 75.17
3 | 23 | 65 | 98.08
3 | 24 | 74 | 81.95
3 | 25 | 91 | 77.59
3 | 26 | 97 | 68.12
3 | 27 | 60 | 62.15
3 | 28 | 74 | 60.18
3 | 29 | 63 | 84.15
3 | 30 | 100 | 63
3 | 31 | 96 | 64.69
3 | 32 | 85 | 70.31
3 | 33 | 79 | 72.23
3 | 34 | 78 | 91.05
3 | 35 | 79 | 67.74
3 | 36 | 98 | 76.84
3 | 37 | 85 | 75.76
3 | 38 | 75 | 60.38
3 | 39 | 60 | 77.96
3 | 40 | 76 | 92.78
3 | 41 | 81 | 60.52
3 | 42 | 73 | 80.13
3 | 43 | 60 | 89.28
3 | 44 | 77 | 64.63
3 | 45 | 58 | 96.23
3 | 46 | 74 | 60.43
3 | 47 | 59 | 65.06
3 | 48 | 100 | 83.41
3 | 49 | 99 | 76.05
3 | 50 | 87 | 60.68
3 | 51 | 69 | 97.15
3 | 52 | 103 | 60.72
3 | 53 | 79 | 97.17
3 | 54 | 74 | 68.29
3 | 55 | 97 | 71.02
3 | 56 | 57 | 76.2
3 | 57 | 78 | 71.57
3 | 58 | 81 | 65.19
3 | 59 | 80 | 94.69
3 | 60 | 64 | 96.54
3 | 61 | 93 | 67.16
3 | 62 | 60 | 61.31
3 | 63 | 86 | 93.53
3 | 64 | 84 | 85.83
3 | 65 | 52 | 87.36
3 | 66 | 94 | 82.34
3 | 67 | 95 | 94.03
3 | 68 | 66 | 73.46
3 | 69 | 71 | 81.3
4 | 0 | 132 | 93.17
4 | 1 | 146 | 96.56
4 | 2 | 134 | 77.85
4 | 3 | 199 | 96.64
4 | 4 | 162 | 78.98
4 | 5 | 143 | 70.53
4 | 6 | 208 | 63.29
4 | 7 | 172 | 83.77
4 | 8 | 166 | 72.79
4 | 9 | 186 | 94.92
4 | 10 | 107 | 91.59
4 | 11 | 108 | 92.76
4 | 12 | 188 | 91.1
4 | 13 | 157 | 92.91
4 | 14 | 106 | 81.96
4 | 15 | 128 | 73.2
4 | 16 | 138 | 78.75
4 | 17 | 111 | 91.64
4 | 18 | 150 | 69.18
4 | 19 | 208 | 72.62
4 | 20 | 180 | 69.43
4 | 21 | 203 | 75.98
4 | 22 | 197 | 74.65
4 | 23 | 132 | 90.22
4 | 24 | 122 | 80.08
4 | 25 | 150 | 60.38
4 | 26 | 182 | 73.85
4 | 27 | 160 | 60.74
4 | 28 | 178 | 95.57
4 | 29 | 160 | 93.1
4 | 30 | 130 | 60.66
4 | 31 | 130 | 96.81
4 | 32 | 178 | 64.09
4 | 33 | 167 | 94.68
4 | 34 | 203 | 70.88
4 | 35 | 167 | 88.75
4 | 36 | 159 | 74.31
4 | 37 | 182 | 75.39
4 | 38 | 144 | 76.18
4 | 39 | 130 | 86.94
4 | 40 | 110 | 62.14
4 | 41 | 163 | 96.35
4 | 42 | 140 | 94.41
4 | 43 | 146 | 94.61
4 | 44 | 175 | 97.93
4 | 45 | 183 | 94.65
4 | 46 | 160 | 83.49
4 | 47 | 159 | 98.06
4 | 48 | 124 | 94.02
4 | 49 | 154 | 64.76
4 | 50 | 190 | 73.43
4 | 51 | 125 | 76.18
4 | 52 | 177 | 88.43
4 | 53 | 106 | 77.15
4 | 54 | 155 | 64.59
4 | 55 | 172 | 82.92
4 | 56 | 161 | 61.83
4 | 57 | 163 | 99.28
4 | 58 | 153 | 80.25
4 | 59 | 132 | 83.75
4 | 60 | 120 | 93.25
4 | 61 | 169 | 85.18
4 | 62 | 142 | 87.75
4 | 63 | 202 | 91.34
4 | 64 | 176 | 74.06
4 | 65 | 142 | 76.76
4 | 66 | 148 | 94.64
4 | 67 | 158 | 85.84
4 | 68 | 156 | 60.36
4 | 69 | 197 | 73.44
5 | 0 | 134 | 65.17
5 | 1 | 194 | 61.32
5 | 2 | 103 | 90.65
5 | 3 | 168 | 96.13
5 | 4 | 193 | 67.07
5 | 5 | 199 | 73.11
5 | 6 | 136 | 88.56
5 | 7 | 190 | 77.43
5 | 8 | 186 | 90.03
5 | 9 | 136 | 89.2
5 | 10 | 149 | 69.92
5 | 11 | 178 | 72.21
5 | 12 | 146 | 74.2
5 | 13 | 151 | 94.58
5 | 14 | 121 | 78.64
5 | 15 | 174 | 80.62
5 | 16 | 111 | 91.27
5 | 17 | 179 | 98.25
5 | 18 | 134 | 87.96
5 | 19 | 172 | 70.64
5 | 20 | 199 | 89.93
5 | 21 | 126 | 90.99
5 | 22 | 124 | 81.3
5 | 23 | 109 | 97.66
5 | 24 | 124 | 74.25
5 | 25 | 131 | 75.31
5 | 26 | 186 | 71.5
5 | 27 | 183 | 66.03
5 | 28 | 108 | 65.34
5 | 29 | 118 | 79.61
5 | 30 | 154 | 87.55
5 | 31 | 132 | 60.52
5 | 32 | 191 | 65.78
5 | 33 | 146 | 94.94
5 | 34 | 186 | 74.78
5 | 35 | 167 | 95.42
5 | 36 | 187 | 60.79
5 | 37 | 130 | 95.14
5 | 38 | 105 | 97.36
5 | 39 | 142 | 64.71
5 | 40 | 143 | 91.59
5 | 41 | 164 | 80.72
5 | 42 | 159 | 81.44
5 | 43 | 132 | 68.93
5 | 44 | 124 | 63.41
5 | 45 | 173 | 61.23
5 | 46 | 124 | 72.42
5 | 47 | 187 | 62.46
5 | 48 | 122 | 84.66
5 | 49 | 149 | 63.11
5 | 50 | 110 | 82.06
5 | 51 | 130 | 69.8
5 | 52 | 172 | 93.26
5 | 53 | 168 | 97.08
5 | 54 | 116 | 68.66
5 | 55 | 145 | 60.02
5 | 56 | 162 | 72.59
5 | 57 | 120 | 63.45
5 | 58 | 152 | 68.18
5 | 59 | 175 | 65.69
5 | 60 | 160 | 91.59
5 | 61 | 156 | 93.77
5 | 62 | 102 | 94.46
5 | 63 | 133 | 86.05
5 | 64 | 128 | 82.46
5 | 65 | 168 | 63.69
5 | 66 | 145 | 73.56
5 | 67 | 129 | 83.44
5 | 68 | 145 | 94.21
5 | 69 | 111 | 84.72
6 | 0 | 177 | 90.22
6 | 1 | 212 | 88.21
6 | 2 | 127 | 91.19
6 | 3 | 189 | 91.28
6 | 4 | 147 | 83.56
6 | 5 | 213 | 69.15
6 | 6 | 156 | 83.57
6 | 7 | 170 | 64.91
6 | 8 | 175 | 75.11
6 | 9 | 146 | 84.79
6 | 10 | 178 | 79.97
6 | 11 | 224 | 98.79
6 | 12 | 154 | 83.21
6 | 13 | 164 | 65.75
6 | 14 | 201 | 82.53
6 | 15 | 123 | 83.33
6 | 16 | 185 | 76.81
6 | 17 | 174 | 68.68
6 | 18 | 187 | 60.83
6 | 19 | 217 | 87.87
6 | 20 | 160 | 85
6 | 21 | 205 | 70.01
6 | 22 | 126 | 63.32
6 | 23 | 221 | 83.24
6 | 24 | 173 | 69.95
6 | 25 | 176 | 90.44
6 | 26 | 214 | 73.76
6 | 27 | 144 | 96.92
6 | 28 | 204 | 66.99
6 | 29 | 160 | 61.07
6 | 30 | 220 | 94.86
6 | 31 | 149 | 94.7
6 | 32 | 114 | 79.11
6 | 33 | 147 | 77.77
6 | 34 | 140 | 82.57
6 | 35 | 221 | 82.16
6 | 36 | 165 | 82.1
6 | 37 | 117 | 62.45
6 | 38 | 187 | 81.78
6 | 39 | 143 | 74.05
6 | 40 | 131 | 92.11
6 | 41 | 193 | 78.16
6 | 42 | 210 | 67.86
6 | 43 | 186 | 91.54
6 | 44 | 178 | 89.36
6 | 45 | 155 | 69.68
6 | 46 | 144 | 98.37
6 | 47 | 219 | 94.61
6 | 48 | 191 | 79.38
6 | 49 | 115 | 61.9
6 | 50 | 165 | 65.29
6 | 51 | 122 | 61.03
6 | 52 | 227 | 67.87
6 | 53 | 224 | 85.46
6 | 54 | 120 | 90.74
6 | 55 | 171 | 83.48
6 | 56 | 202 | 65.23
6 | 57 | 175 | 72.46
6 | 58 | 155 | 67.47
6 | 59 | 212 | 92.88
6 | 60 | 219 | 64.26
6 | 61 | 171 | 74.51
6 | 62 | 166 | 90.58
6 | 63 | 214 | 68.6
6 | 64 | 162 | 86.71
6 | 65 | 117 | 81.29
6 | 66 | 212 | 77.84
6 | 67 | 225 | 85.26
6 | 68 | 166 | 74.46
6 | 69 | 162 | 99.99
7 | 0 | 12 | 93.61
7 | 1 | 11 | 70.92
7 | 2 | 14 | 85.95
7 | 3 | 15 | 73.92
7 | 4 | 14 | 94.62
7 | 5 | 13 | 73.01
7 | 6 | 13 | 70.56
7 | 7 | 15 | 73.68
7 | 8 | 15 | 86.2
7 | 9 | 9 | 66.01
7 | 10 | 9 | 71.72
7 | 11 | 10 | 64.65
7 | 12 | 12 | 93.31
7 | 13 | 10 | 88.77
7 | 14 | 9 | 93.45
7 | 15 | 9 | 81.86
7 | 16 | 13 | 73.29
7 | 17 | 8 | 89.69
7 | 18 | 9 | 95.92
7 | 19 | 8 | 66.65
7 | 20 | 10 | 85.92
7 | 21 | 9 | 84.26
7 | 22 | 10 | 62.14
7 | 23 | 10 | 98.87
7 | 24 | 8 | 91
7 | 25 | 11 | 92.3
7 | 26 | 8 | 80.91
7 | 27 | 8 | 94.54
7 | 28 | 9 | 65.23
7 | 29 | 14 | 61.11
7 | 30 | 13 | 80.55
7 | 31 | 10 | 70.53
7 | 32 | 15 | 77.09
7 | 33 | 12 | 75.98
7 | 34 | 14 | 63.35
7 | 35 | 12 | 86.61
7 | 36 | 11 | 92.35
7 | 37 | 13 | 90.82
7 | 38 | 12 | 72.38
7 | 39 | 15 | 79.35
7 | 40 | 8 | 82.71
7 | 41 | 10 | 99.65
7 | 42 | 14 | 70.42
7 | 43 | 13 | 83.52
7 | 44 | 8 | 75.91
7 | 45 | 12 | 73.3
7 | 46 | 8 | 65.03
7 | 47 | 8 | 73.52
7 | 48 | 9 | 78.58
7 | 49 | 15 | 66.1
7 | 50 | 14 | 94.11
7 | 51 | 9 | 90.65
7 | 52 | 15 | 81.07
7 | 53 | 10 | 93.7
7 | 54 | 14 | 93.29
7 | 55 | 14 | 91.88
7 | 56 | 15 | 98.96
7 | 57 | 15 | 95.84
7 | 58 | 9 | 79.42
7 | 59 | 12 | 61.11
7 | 60 | 13 | 96.74
7 | 61 | 12 | 86.86
7 | 62 | 15 | 63.51
7 | 63 | 9 | 86.69
7 | 64 | 13 | 76.63
7 | 65 | 12 | 62.04
7 | 66 | 9 | 92.3
7 | 67 | 9 | 86.36
7 | 68 | 8 | 79.21
7 | 69 | 9 | 88.99
8 | 0 | 152 | 89.14
8 | 1 | 164 | 96.39
8 | 2 | 158 | 92.25
8 | 3 | 193 | 71.42
8 | 4 | 152 | 82.96
8 | 5 | 179 | 91.55
8 | 6 | 137 | 60.51
8 | 7 | 225 | 86.21
8 | 8 | 127 | 98.36
8 | 9 | 159 | 90.32
8 | 10 | 134 | 91.32
8 | 11 | 220 | 85.22
8 | 12 | 159 | 70.45
8 | 13 | 123 | 62.66
8 | 14 | 137 | 79.78
8 | 15 | 200 | 79.3
8 | 16 | 210 | 84.57
8 | 17 | 205 | 97.42
8 | 18 | 166 | 91.96
8 | 19 | 133 | 85.15
8 | 20 | 195 | 64.35
8 | 21 | 203 | 82.26
8 | 22 | 193 | 65.86
8 | 23 | 126 | 74.3
8 | 24 | 200 | 60.6
8 | 25 | 132 | 80.95
8 | 26 | 177 | 76.99
8 | 27 | 228 | 78.61
8 | 28 | 173 | 89.13
8 | 29 | 147 | 61.24
8 | 30 | 143 | 89.54
8 | 31 | 141 | 78.55
8 | 32 | 143 | 67.3
8 | 33 | 220 | 71.31
8 | 34 | 144 | 93.35
8 | 35 | 207 | 87.75
8 | 36 | 137 | 87.19
8 | 37 | 160 | 63.18
8 | 38 | 140 | 93.61
8 | 39 | 178 | 71.5
8 | 40 | 210 | 77.4
8 | 41 | 133 | 78.93
8 | 42 | 156 | 92.29
8 | 43 | 209 | 77.08
8 | 44 | 217 | 86.22
8 | 45 | 156 | 88.73
8 | 46 | 121 | 98.96
8 | 47 | 152 | 90.08
8 | 48 | 193 | 85.35
8 | 49 | 182 | 79.24
8 | 50 | 139 | 93.62
8 | 51 | 141 | 63.86
8 | 52 | 148 | 66.74
8 | 53 | 206 | 76.8
8 | 54 | 227 | 95.26
8 | 55 | 158 | 97.87
8 | 56 | 142 | 83.99
8 | 57 | 189 | 91.88
8 | 58 | 192 | 67.22
8 | 59 | 123 | 66.07
8 | 60 | 179 | 95.57
8 | 61 | 206 | 89.67
8 | 62 | 142 | 74.14
8 | 63 | 131 | 77.94
8 | 64 | 218 | 78.74
8 | 65 | 169 | 66
8 | 66 | 194 | 95.06
8 | 67 | 147 | 72.36
8 | 68 | 189 | 60.99
8 | 69 | 204 | 99.06
9 | 0 | 96 | 73.46
9 | 1 | 116 | 78.56
9 | 2 | 111 | 60.21
9 | 3 | 112 | 93.85
9 | 4 | 104 | 67.27
9 | 5 | 96 | 68.51
9 | 6 | 131 | 75.37
9 | 7 | 76 | 80.23
9 | 8 | 79 | 70.81
9 | 9 | 81 | 71.56
9 | 10 | 106 | 65.84
9 | 11 | 116 | 84.56
9 | 12 | 133 | 95.11
9 | 13 | 75 | 84.97
9 | 14 | 116 | 61.15
9 | 15 | 100 | 90.97
9 | 16 | 84 | 94.49
9 | 17 | 106 | 92.67
9 | 18 | 124 | 71.56
9 | 19 | 93 | 80.25
9 | 20 | 77 | 74.56
9 | 21 | 76 | 80.01
9 | 22 | 122 | 85.83
9 | 23 | 87 | 62.78
9 | 24 | 120 | 90.38
9 | 25 | 73 | 63.6
9 | 26 | 85 | 64.1
9 | 27 | 129 | 86.41
9 | 28 | 106 | 83.52
9 | 29 | 73 | 83.02
9 | 30 | 119 | 61.77
9 | 31 | 100 | 81.02
9 | 32 | 120 | 92.82
9 | 33 | 82 | 65.19
9 | 34 | 93 | 94.74
9 | 35 | 73 | 98.63
9 | 36 | 92 | 65.99
9 | 37 | 100 | 72.39
9 | 38 | 106 | 76.63
9 | 39 | 114 | 61.18
9 | 40 | 88 | 97.95
9 | 41 | 129 | 81.22
9 | 42 | 127 | 85.43
9 | 43 | 124 | 97.7
9 | 44 | 67 | 66.57
9 | 45 | 132 | 72.68
9 | 46 | 78 | 70.26
9 | 47 | 126 | 98.36
9 | 48 | 76 | 87.66
9 | 49 | 89 | 82.45
9 | 50 | 106 | 87.78
9 | 51 | 111 | 75.14
9 | 52 | 89 | 88.46
9 | 53 | 123 | 85.43
9 | 54 | 70 | 63.67
9 | 55 | 126 | 96.84
9 | 56 | 86 | 62.45
9 | 57 | 87 | 90.45
9 | 58 | 85 | 66.07
9 | 59 | 133 | 81.13
9 | 60 | 101 | 98.28
9 | 61 | 117 | 78.3
9 | 62 | 126 | 76.08
9 | 63 | 100 | 96.85
9 | 64 | 101 | 71.59
9 | 65 | 133 | 70.61
9 | 66 | 111 | 84.66
9 | 67 | 84 | 96.91
9 | 68 | 107 | 71.08
9 | 69 | 85 | 66.92
