# ghfkdsjgbfkadrjehbgfadrg
0  Rogahn LLC  205
1  Walter-Schamberger  75
2  Schroeder Mante and Eichmann  198
3  O\Keefe LLC  105
4  VonRueden-Walker  211
5  Olson Ltd  202
6  Runolfsson-Osinski  228
7  Hansen Gerlach and Orn  16
8  Fadel Hansen and Botsford  230
9  Adams Rohan and Langosh  135
10  Haag Lockman and Ullrich  190
11  Schimmel-Lehner  176
12  Ratke LLC  155
13  Langosh PLC  20
14  Ruecker LLC  67
15  Mills Konopelski and Barrows  155
16  Koss Mitchell and Schuster  14
17  Schroeder and Sons  216
18  Lakin Ltd  69
19  Hartmann Ziemann and Buckridge  34
20  Bahringer Emmerich and Quitzon  218
21  Schaefer-Erdman  54
22  Casper Wintheiser and Fritsch  117
23  Carroll LLC  246
24  Ziemann-Kessler  169
25  Schulist Gislason and Nader  98
26  Haley Kilback and Labadie  40
27  Rutherford Wiza and Streich  109
28  O\Connell-Simonis  87
29  Keeling Group  161
# kldjjgbfdsjgbvkdsjgbfdskhjbhgfd
0  Christiansen Ltd  78
1  Romaguera Inc  10
2  Jones Wisozk and Quitzon  16
3  Gleason LLC  18
4  Wilderman-Kulas  75
5  Wehner Group  44
6  Considine Doyle and Waters  50
7  Brekke Rempel and Kozey  29
8  Roberts LLC  63
9  Osinski Flatley and Ward  53
10  Halvorson Kub and Schultz  43
11  Gottlieb LLC  63
12  Goyette-Schamberger  76
13  Littel Group  18
14  Treutel-Crona  42
15  Hand PLC  4
16  Hartmann PLC  44
17  Fahey-Gerhold  25
18  Cummerata Stehr and Armstrong  9
19  Rogahn LLC  48
20  Lueilwitz Kirlin and Kilback  21
21  Swaniawski Padberg and King  14
22  Kertzmann LLC  73
23  Farrell Kessler and Weimann  8
24  Bergstrom LLC  81
25  Auer Hoeger and Lockman  77
26  Fisher Quigley and Connelly  61
27  O\Hara-Orn  4
28  Larson-Effertz  33
29  Emmerich-Bernhard  25
30  Streich Strosin and Spinka  10
31  Littel Group  26
32  Lesch-Spinka  41
33  Kiehn-McDermott  20
34  Spencer and Sons  42
35  Beer-Mayert  53
36  Boyer-Yundt  83
37  Kunde Padberg and Carroll  54
38  Rolfson Group  15
39  Flatley-Christiansen  41
40  Schaefer-Fahey  47
41  Volkman Group  5
42  Flatley-Christiansen  55
43  Hane-Champlin  26
44  Carroll PLC  3
45  Parker West and Lehner  36
46  Kshlerin Parisian and Boyer  41
47  Grady Ltd  45
48  Macejkovic-Windler  57
49  Herzog Collins and Shields  16
50  Price and Sons  106
51  Keeling Reynolds and Douglas  50
52  Schiller LLC  72
53  Simonis Sawayn and Ritchie  38
54  Bahringer-Hoeger  36
55  Denesik-Schmeler  50
56  Rosenbaum-Gutmann  1
57  Lind Schimmel and Reinger  1000
58  Turner-Hyatt  99
59  Mann Russel and Torphy  55
60  Boyle-Bednar  52
61  Hettinger PLC  33
62  Cremin Group  88
63  Kilback Lueilwitz and McKenzie  27
64  Rath-Prohaska  44
65  Bosco Murray and Breitenberg  19
66  Considine-Schmitt  92
67  Donnelly Gulgowski and Steuber  59
68  Hyatt and Sons  53
69  Jenkins PLC  84
# aliuwjgfdklijghfdskjghvbfdsjk
0  0  149  75
0  1  186  68
0  2  112  90
0  3  146  99
0  4  125  77
0  5  182  74
0  6  169  75
0  7  201  81
0  8  139  96
0  9  113  92
0  10  183  62
0  11  166  70
0  12  186  81
0  13  156  91
0  14  200  97
0  15  196  98
0  16  179  63
0  17  146  90
0  18  119  72
0  19  163  96
0  20  133  73
0  21  202  96
0  22  199  74
0  23  110  86
0  24  162  89
0  25  195  69
0  26  200  97
0  27  128  77
0  28  172  82
0  29  199  89
0  30  189  94
0  31  196  70
0  32  201  61
0  33  136  99
0  34  142  67
0  35  190  67
0  36  193  75
0  37  165  81
0  38  182  85
0  39  193  68
0  40  186  87
0  41  165  87
0  42  133  96
0  43  149  66
0  44  202  83
0  45  144  87
0  46  126  97
0  47  198  90
0  48  145  81
0  49  104  86
0  50  147  61
0  51  115  70
0  52  190  63
0  53  202  61
0  54  202  85
0  55  123  94
0  56  180  92
0  57  136  72
0  58  188  93
0  59  186  88
0  60  134  64
0  61  189  62
0  62  173  65
0  63  106  60
0  64  186  63
0  65  118  70
0  66  116  60
0  67  154  89
0  68  125  73
0  69  191  68
1  0  37  86
1  1  55  99
1  2  40  89
1  3  52  96
1  4  48  86
1  5  39  75
1  6  39  72
1  7  51  69
1  8  65  87
1  9  67  88
1  10  42  72
1  11  39  75
1  12  48  73
1  13  50  66
1  14  43  89
1  15  40  68
1  16  57  62
1  17  71  95
1  18  60  68
1  19  64  76
1  20  45  63
1  21  66  70
1  22  68  62
1  23  57  85
1  24  59  84
1  25  38  81
1  26  46  88
1  27  63  63
1  28  54  86
1  29  49  99
1  30  41  67
1  31  42  61
1  32  69  96
1  33  45  89
1  34  41  93
1  35  49  77
1  36  63  65
1  37  58  94
1  38  63  93
1  39  59  77
1  40  39  99
1  41  61  91
1  42  53  98
1  43  66  67
1  44  49  80
1  45  38  61
1  46  64  79
1  47  42  64
1  48  72  76
1  49  38  90
1  50  52  69
1  51  70  65
1  52  62  66
1  53  41  93
1  54  63  92
1  55  69  72
1  56  47  64
1  57  55  75
1  58  72  91
1  59  59  66
1  60  69  71
1  61  54  88
1  62  48  82
1  63  59  92
1  64  56  79
1  65  52  83
1  66  61  83
1  67  60  93
1  68  50  84
1  69  66  86
2  0  184  88
2  1  115  84
2  2  115  69
2  3  191  89
2  4  155  78
2  5  124  79
2  6  176  89
2  7  167  98
2  8  179  84
2  9  132  98
2  10  103  73
2  11  120  65
2  12  110  82
2  13  160  73
2  14  115  81
2  15  161  64
2  16  144  88
2  17  195  89
2  18  163  82
2  19  128  91
2  20  111  63
2  21  118  67
2  22  177  93
2  23  165  94
2  24  108  82
2  25  127  83
2  26  126  69
2  27  173  87
2  28  173  77
2  29  99  94
2  30  132  89
2  31  166  97
2  32  195  76
2  33  191  90
2  34  121  75
2  35  105  63
2  36  172  62
2  37  105  94
2  38  153  99
2  39  167  96
2  40  178  93
2  41  103  69
2  42  179  63
2  43  184  76
2  44  112  98
2  45  128  78
2  46  180  78
2  47  176  68
2  48  173  93
2  49  189  75
2  50  118  89
2  51  185  64
2  52  151  89
2  53  116  73
2  54  102  91
2  55  118  68
2  56  190  76
2  57  175  95
2  58  125  70
2  59  140  66
2  60  121  99
2  61  109  78
2  62  112  62
2  63  105  97
2  64  127  62
2  65  131  66
2  66  188  70
2  67  100  74
2  68  152  68
2  69  161  67
3  0  74  63
3  1  102  60
3  2  76  93
3  3  94  76
3  4  63  79
3  5  72  79
3  6  100  66
3  7  89  62
3  8  63  97
3  9  87  74
3  10  93  77
3  11  98  90
3  12  62  66
3  13  103  95
3  14  92  98
3  15  89  70
3  16  79  89
3  17  98  76
3  18  94  91
3  19  74  70
3  20  79  82
3  21  99  71
3  22  66  75
3  23  65  98
3  24  74  81
3  25  91  77
3  26  97  68
3  27  60  62
3  28  74  60
3  29  63  84
3  30  100  63
3  31  96  64
3  32  85  70
3  33  79  72
3  34  78  91
3  35  79  67
3  36  98  76
3  37  85  75
3  38  75  60
3  39  60  77
3  40  76  92
3  41  81  60
3  42  73  80
3  43  60  89
3  44  77  64
3  45  58  96
3  46  74  60
3  47  59  65
3  48  100  83
3  49  99  76
3  50  87  60
3  51  69  97
3  52  103  60
3  53  79  97
3  54  74  68
3  55  97  71
3  56  57  76
3  57  78  71
3  58  81  65
3  59  80  94
3  60  64  96
3  61  93  67
3  62  60  61
3  63  86  93
3  64  84  85
3  65  52  87
3  66  94  82
3  67  95  94
3  68  66  73
3  69  71  81
4  0  132  93
4  1  146  96
4  2  134  77
4  3  199  96
4  4  162  78
4  5  143  70
4  6  208  63
4  7  172  83
4  8  166  72
4  9  186  94
4  10  107  91
4  11  108  92
4  12  188  91
4  13  157  92
4  14  106  81
4  15  128  73
4  16  138  78
4  17  111  91
4  18  150  69
4  19  208  72
4  20  180  69
4  21  203  75
4  22  197  74
4  23  132  90
4  24  122  80
4  25  150  60
4  26  182  73
4  27  160  60
4  28  178  95
4  29  160  93
4  30  130  60
4  31  130  96
4  32  178  64
4  33  167  94
4  34  203  70
4  35  167  88
4  36  159  74
4  37  182  75
4  38  144  76
4  39  130  86
4  40  110  62
4  41  163  96
4  42  140  94
4  43  146  94
4  44  175  97
4  45  183  94
4  46  160  83
4  47  159  98
4  48  124  94
4  49  154  64
4  50  190  73
4  51  125  76
4  52  177  88
4  53  106  77
4  54  155  64
4  55  172  82
4  56  161  61
4  57  163  99
4  58  153  80
4  59  132  83
4  60  120  93
4  61  169  85
4  62  142  87
4  63  202  91
4  64  176  74
4  65  142  76
4  66  148  94
4  67  158  85
4  68  156  60
4  69  197  73
5  0  134  65
5  1  194  61
5  2  103  90
5  3  168  96
5  4  193  67
5  5  199  73
5  6  136  88
5  7  190  77
5  8  186  90
5  9  136  89
5  10  149  69
5  11  178  72
5  12  146  74
5  13  151  94
5  14  121  78
5  15  174  80
5  16  111  91
5  17  179  98
5  18  134  87
5  19  172  70
5  20  199  89
5  21  126  90
5  22  124  81
5  23  109  97
5  24  124  74
5  25  131  75
5  26  186  71
5  27  183  66
5  28  108  65
5  29  118  79
5  30  154  87
5  31  132  60
5  32  191  65
5  33  146  94
5  34  186  74
5  35  167  95
5  36  187  60
5  37  130  95
5  38  105  97
5  39  142  64
5  40  143  91
5  41  164  80
5  42  159  81
5  43  132  68
5  44  124  63
5  45  173  61
5  46  124  72
5  47  187  62
5  48  122  84
5  49  149  63
5  50  110  82
5  51  130  69
5  52  172  93
5  53  168  97
5  54  116  68
5  55  145  60
5  56  162  72
5  57  120  63
5  58  152  68
5  59  175  65
5  60  160  91
5  61  156  93
5  62  102  94
5  63  133  86
5  64  128  82
5  65  168  63
5  66  145  73
5  67  129  83
5  68  145  94
5  69  111  84
6  0  177  90
6  1  212  88
6  2  127  91
6  3  189  91
6  4  147  83
6  5  213  69
6  6  156  83
6  7  170  64
6  8  175  75
6  9  146  84
6  10  178  79
6  11  224  98
6  12  154  83
6  13  164  65
6  14  201  82
6  15  123  83
6  16  185  76
6  17  174  68
6  18  187  60
6  19  217  87
6  20  160  85
6  21  205  70
6  22  126  63
6  23  221  83
6  24  173  69
6  25  176  90
6  26  214  73
6  27  144  96
6  28  204  66
6  29  160  61
6  30  220  94
6  31  149  94
6  32  114  79
6  33  147  77
6  34  140  82
6  35  221  82
6  36  165  82
6  37  117  62
6  38  187  81
6  39  143  74
6  40  131  92
6  41  193  78
6  42  210  67
6  43  186  91
6  44  178  89
6  45  155  69
6  46  144  98
6  47  219  94
6  48  191  79
6  49  115  61
6  50  165  65
6  51  122  61
6  52  227  67
6  53  224  85
6  54  120  90
6  55  171  83
6  56  202  65
6  57  175  72
6  58  155  67
6  59  212  92
6  60  219  64
6  61  171  74
6  62  166  90
6  63  214  68
6  64  162  86
6  65  117  81
6  66  212  77
6  67  225  85
6  68  166  74
6  69  162  99
7  0  12  93
7  1  11  70
7  2  14  85
7  3  15  73
7  4  14  94
7  5  13  73
7  6  13  70
7  7  15  73
7  8  15  86
7  9  9  66
7  10  9  71
7  11  10  64
7  12  12  93
7  13  10  88
7  14  9  93
7  15  9  81
7  16  13  73
7  17  8  89
7  18  9  95
7  19  8  66
7  20  10  85
7  21  9  84
7  22  10  62
7  23  10  98
7  24  8  91
7  25  11  92
7  26  8  80
7  27  8  94
7  28  9  65
7  29  14  61
7  30  13  80
7  31  10  70
7  32  15  77
7  33  12  75
7  34  14  63
7  35  12  86
7  36  11  92
7  37  13  90
7  38  12  72
7  39  15  79
7  40  8  82
7  41  10  99
7  42  14  70
7  43  13  83
7  44  8  75
7  45  12  73
7  46  8  65
7  47  8  73
7  48  9  78
7  49  15  66
7  50  14  94
7  51  9  90
7  52  15  81
7  53  10  93
7  54  14  93
7  55  14  91
7  56  15  98
7  57  15  95
7  58  9  79
7  59  12  61
7  60  13  96
7  61  12  86
7  62  15  63
7  63  9  86
7  64  13  76
7  65  12  62
7  66  9  92
7  67  9  86
7  68  8  79
7  69  9  88
8  0  152  89
8  1  164  96
8  2  158  92
8  3  193  71
8  4  152  82
8  5  179  91
8  6  137  60
8  7  225  86
8  8  127  98
8  9  159  90
8  10  134  91
8  11  220  85
8  12  159  70
8  13  123  62
8  14  137  79
8  15  200  79
8  16  210  84
8  17  205  97
8  18  166  91
8  19  133  85
8  20  195  64
8  21  203  82
8  22  193  65
8  23  126  74
8  24  200  60
8  25  132  80
8  26  177  76
8  27  228  78
8  28  173  89
8  29  147  61
8  30  143  89
8  31  141  78
8  32  143  67
8  33  220  71
8  34  144  93
8  35  207  87
8  36  137  87
8  37  160  63
8  38  140  93
8  39  178  71
8  40  210  77
8  41  133  78
8  42  156  92
8  43  209  77
8  44  217  86
8  45  156  88
8  46  121  98
8  47  152  90
8  48  193  85
8  49  182  79
8  50  139  93
8  51  141  63
8  52  148  66
8  53  206  76
8  54  227  95
8  55  158  97
8  56  142  83
8  57  189  91
8  58  192  67
8  59  123  66
8  60  179  95
8  61  206  89
8  62  142  74
8  63  131  77
8  64  218  78
8  65  169  66
8  66  194  95
8  67  147  72
8  68  189  60
8  69  204  99
9  0  96  73
9  1  116  78
9  2  111  60
9  3  112  93
9  4  104  67
9  5  96  68
9  6  131  75
9  7  76  80
9  8  79  70
9  9  81  71
9  10  106  65
9  11  116  84
9  12  133  95
9  13  75  84
9  14  116  61
9  15  100  90
9  16  84  94
9  17  106  92
9  18  124  71
9  19  93  80
9  20  77  74
9  21  76  80
9  22  122  85
9  23  87  62
9  24  120  90
9  25  73  63
9  26  85  64
9  27  129  86
9  28  106  83
9  29  73  83
9  30  119  61
9  31  100  81
9  32  120  92
9  33  82  65
9  34  93  94
9  35  73  98
9  36  92  65
9  37  100  72
9  38  106  76
9  39  114  61
9  40  88  97
9  41  129  81
9  42  127  85
9  43  124  97
9  44  67  66
9  45  132  72
9  46  78  70
9  47  126  98
9  48  76  87
9  49  89  82
9  50  106  87
9  51  111  75
9  52  89  88
9  53  123  85
9  54  70  63
9  55  126  96
9  56  86  62
9  57  87  90
9  58  85  66
9  59  133  81
9  60  101  98
9  61  117  78
9  62  126  76
9  63  100  96
9  64  101  71
9  65  133  70
9  66  111  84
9  67  84  96
9  68  107  71
9  69  85  66
10  0  173  75
10  1  101  85
10  2  160  78
10  3  158  74
10  4  176  70
10  5  154  63
10  6  96  98
10  7  144  94
10  8  137  79
10  9  127  89
10  10  105  71
10  11  103  97
10  12  138  94
10  13  161  90
10  14  164  74
10  15  160  81
10  16  101  89
10  17  163  75
10  18  156  71
10  19  186  62
10  20  123  72
10  21  155  70
10  22  178  78
10  23  118  94
10  24  165  79
10  25  170  75
10  26  142  79
10  27  140  78
10  28  133  65
10  29  106  73
10  30  169  77
10  31  171  64
10  32  136  96
10  33  151  85
10  34  157  62
10  35  166  97
10  36  136  85
10  37  184  81
10  38  120  73
10  39  129  81
10  40  121  81
10  41  123  92
10  42  182  81
10  43  171  63
10  44  124  91
10  45  112  89
10  46  163  78
10  47  138  73
10  48  96  77
10  49  155  82
10  50  166  96
10  51  131  72
10  52  130  70
10  53  122  83
10  54  181  81
10  55  105  71
10  56  176  64
10  57  164  70
10  58  143  69
10  59  122  89
10  60  163  88
10  61  187  66
10  62  98  99
10  63  143  72
10  64  171  65
10  65  166  85
10  66  113  93
10  67  185  99
10  68  166  84
10  69  111  89
11  0  172  67
11  1  154  82
11  2  144  89
11  3  93  82
11  4  175  72
11  5  144  97
11  6  171  68
11  7  103  83
11  8  97  99
11  9  144  61
11  10  114  81
11  11  137  83
11  12  117  81
11  13  98  74
11  14  154  69
11  15  137  68
11  16  121  63
11  17  132  91
11  18  88  83
11  19  168  78
11  20  131  97
11  21  112  86
11  22  166  81
11  23  146  85
11  24  134  72
11  25  116  60
11  26  166  79
11  27  156  76
11  28  126  69
11  29  173  98
11  30  101  88
11  31  172  76
11  32  135  81
11  33  170  83
11  34  161  85
11  35  133  61
11  36  121  82
11  37  127  98
11  38  155  83
11  39  95  76
11  40  126  95
11  41  134  70
11  42  102  76
11  43  98  99
11  44  170  62
11  45  119  82
11  46  165  92
11  47  140  92
11  48  154  84
11  49  161  63
11  50  136  94
11  51  174  99
11  52  173  80
11  53  102  82
11  54  175  67
11  55  114  86
11  56  101  79
11  57  146  99
11  58  141  94
11  59  95  85
11  60  111  82
11  61  132  96
11  62  101  77
11  63  91  66
11  64  118  61
11  65  92  81
11  66  120  91
11  67  127  66
11  68  123  96
11  69  122  63
12  0  81  76
12  1  126  60
12  2  85  75
12  3  123  76
12  4  79  97
12  5  89  67
12  6  116  88
12  7  121  61
12  8  116  63
12  9  101  65
12  10  132  67
12  11  100  61
12  12  150  64
12  13  132  94
12  14  87  74
12  15  125  70
12  16  126  86
12  17  117  71
12  18  90  73
12  19  117  73
12  20  115  89
12  21  148  66
12  22  98  97
12  23  106  66
12  24  120  60
12  25  79  72
12  26  84  92
12  27  108  84
12  28  135  93
12  29  116  73
12  30  103  64
12  31  106  95
12  32  116  88
12  33  93  64
12  34  102  85
12  35  86  60
12  36  114  85
12  37  92  74
12  38  103  89
12  39  105  67
12  40  114  96
12  41  147  83
12  42  102  97
12  43  152  71
12  44  117  74
12  45  103  69
12  46  107  89
12  47  125  90
12  48  105  79
12  49  101  78
12  50  114  81
12  51  123  78
12  52  134  94
12  53  91  80
12  54  126  74
12  55  122  85
12  56  136  73
12  57  112  60
12  58  111  77
12  59  136  83
12  60  126  99
12  61  128  63
12  62  89  70
12  63  123  65
12  64  115  93
12  65  77  85
12  66  84  80
12  67  118  72
12  68  91  88
12  69  136  79
13  0  15  62
13  1  15  78
13  2  18  81
13  3  12  96
13  4  16  89
13  5  18  66
13  6  14  83
13  7  12  91
13  8  11  69
13  9  15  75
13  10  13  61
13  11  16  64
13  12  12  66
13  13  14  66
13  14  19  61
13  15  15  77
13  16  10  68
13  17  12  64
13  18  18  68
13  19  16  82
13  20  18  71
13  21  15  77
13  22  12  81
13  23  10  65
13  24  14  91
13  25  13  72
13  26  12  76
13  27  16  82
13  28  16  89
13  29  12  66
13  30  12  80
13  31  11  84
13  32  17  73
13  33  17  76
13  34  16  78
13  35  13  64
13  36  11  63
13  37  16  93
13  38  15  95
13  39  11  73
13  40  10  89
13  41  13  66
13  42  10  73
13  43  19  73
13  44  13  76
13  45  19  73
13  46  12  64
13  47  14  98
13  48  13  89
13  49  14  96
13  50  13  92
13  51  15  60
13  52  10  60
13  53  13  97
13  54  13  90
13  55  15  83
13  56  14  98
13  57  16  89
13  58  19  88
13  59  17  83
13  60  10  68
13  61  14  63
13  62  17  71
13  63  16  80
13  64  18  66
13  65  13  95
13  66  14  76
13  67  10  89
13  68  15  69
13  69  11  94
14  0  33  99
14  1  64  84
14  2  36  76
14  3  33  68
14  4  39  90
14  5  44  62
14  6  57  82
14  7  44  80
14  8  60  75
14  9  63  80
14  10  48  60
14  11  41  91
14  12  61  73
14  13  59  99
14  14  54  73
14  15  33  98
14  16  58  61
14  17  63  76
14  18  52  84
14  19  65  86
14  20  44  64
14  21  36  79
14  22  44  85
14  23  47  88
14  24  58  97
14  25  55  73
14  26  61  84
14  27  49  81
14  28  53  93
14  29  41  70
14  30  65  86
14  31  51  87
14  32  50  60
14  33  65  83
14  34  60  98
14  35  49  90
14  36  51  74
14  37  40  87
14  38  53  68
14  39  49  99
14  40  62  60
14  41  50  72
14  42  48  62
14  43  43  62
14  44  61  60
14  45  56  91
14  46  42  66
14  47  60  82
14  48  50  66
14  49  63  71
14  50  48  62
14  51  53  92
14  52  58  95
14  53  43  74
14  54  42  75
14  55  36  68
14  56  57  74
14  57  46  95
14  58  46  99
14  59  45  88
14  60  52  73
14  61  39  94
14  62  45  87
14  63  37  84
14  64  38  75
14  65  59  85
14  66  37  72
14  67  38  67
14  68  43  66
14  69  46  70
15  0  137  89
15  1  114  96
15  2  77  97
15  3  107  67
15  4  89  67
15  5  138  60
15  6  115  73
15  7  129  88
15  8  94  88
15  9  105  84
15  10  114  64
15  11  83  82
15  12  135  71
15  13  93  99
15  14  90  68
15  15  102  77
15  16  99  79
15  17  127  76
15  18  83  93
15  19  119  89
15  20  146  92
15  21  119  71
15  22  106  82
15  23  85  77
15  24  131  76
15  25  95  61
15  26  80  69
15  27  147  72
15  28  133  75
15  29  104  68
15  30  151  91
15  31  150  84
15  32  108  99
15  33  110  96
15  34  151  94
15  35  123  76
15  36  90  88
15  37  142  79
15  38  98  76
15  39  101  89
15  40  129  69
15  41  97  85
15  42  89  86
15  43  114  74
15  44  122  75
15  45  84  62
15  46  126  77
15  47  97  91
15  48  139  66
15  49  114  86
15  50  98  83
15  51  111  93
15  52  129  64
15  53  104  61
15  54  112  72
15  55  153  88
15  56  141  94
15  57  88  93
15  58  96  86
15  59  143  62
15  60  109  64
15  61  86  85
15  62  108  77
15  63  137  97
15  64  80  74
15  65  82  89
15  66  94  86
15  67  80  94
15  68  121  88
15  69  147  93
16  0  12  91
16  1  13  69
16  2  10  86
16  3  7  90
16  4  10  90
16  5  11  74
16  6  8  69
16  7  12  66
16  8  11  85
16  9  9  88
16  10  12  69
16  11  11  71
16  12  12  96
16  13  8  77
16  14  12  95
16  15  8  66
16  16  10  93
16  17  8  87
16  18  10  77
16  19  9  98
16  20  12  86
16  21  7  82
16  22  11  94
16  23  10  63
16  24  7  60
16  25  11  84
16  26  7  95
16  27  8  69
16  28  7  90
16  29  9  83
16  30  8  71
16  31  9  99
16  32  7  73
16  33  13  63
16  34  9  89
16  35  12  60
16  36  12  87
16  37  13  69
16  38  7  80
16  39  7  66
16  40  7  73
16  41  13  97
16  42  12  63
16  43  7  70
16  44  12  67
16  45  11  98
16  46  13  94
16  47  8  98
16  48  8  79
16  49  11  80
16  50  9  79
16  51  13  79
16  52  8  61
16  53  13  95
16  54  12  95
16  55  11  64
16  56  11  77
16  57  13  67
16  58  12  92
16  59  13  85
16  60  7  63
16  61  11  71
16  62  7  93
16  63  9  96
16  64  12  79
16  65  9  65
16  66  7  67
16  67  11  99
16  68  12  91
16  69  11  95
17  0  205  92
17  1  136  74
17  2  168  81
17  3  122  74
17  4  121  90
17  5  171  98
17  6  120  73
17  7  138  78
17  8  142  80
17  9  140  97
17  10  168  75
17  11  128  73
17  12  177  72
17  13  177  85
17  14  181  86
17  15  115  69
17  16  209  68
17  17  198  78
17  18  120  74
17  19  123  85
17  20  181  71
17  21  190  98
17  22  140  61
17  23  154  79
17  24  143  90
17  25  128  67
17  26  161  88
17  27  162  85
17  28  194  76
17  29  186  79
17  30  162  73
17  31  200  82
17  32  172  64
17  33  138  75
17  34  191  62
17  35  123  98
17  36  212  69
17  37  155  70
17  38  187  82
17  39  160  66
17  40  173  75
17  41  156  60
17  42  191  88
17  43  143  80
17  44  108  71
17  45  156  74
17  46  153  95
17  47  173  92
17  48  201  87
17  49  179  89
17  50  117  63
17  51  172  98
17  52  194  71
17  53  147  95
17  54  138  92
17  55  114  81
17  56  142  71
17  57  191  97
17  58  141  67
17  59  185  66
17  60  123  63
17  61  115  87
17  62  165  81
17  63  195  74
17  64  160  78
17  65  204  80
17  66  109  98
17  67  123  97
17  68  183  64
17  69  144  60
18  0  56  69
18  1  41  67
18  2  39  77
18  3  61  61
18  4  62  96
18  5  58  64
18  6  39  70
18  7  59  93
18  8  62  77
18  9  36  93
18  10  67  72
18  11  40  65
18  12  65  86
18  13  45  97
18  14  65  98
18  15  57  81
18  16  60  61
18  17  56  64
18  18  59  84
18  19  36  98
18  20  49  91
18  21  59  88
18  22  60  76
18  23  50  73
18  24  43  60
18  25  35  64
18  26  45  97
18  27  56  97
18  28  53  73
18  29  64  62
18  30  56  74
18  31  55  82
18  32  38  63
18  33  58  86
18  34  48  98
18  35  47  83
18  36  37  72
18  37  58  85
18  38  52  69
18  39  43  81
18  40  50  69
18  41  54  65
18  42  56  92
18  43  48  86
18  44  40  71
18  45  58  61
18  46  64  99
18  47  38  95
18  48  63  74
18  49  60  96
18  50  61  73
18  51  41  64
18  52  52  68
18  53  61  61
18  54  63  68
18  55  48  74
18  56  50  75
18  57  67  65
18  58  51  92
18  59  35  86
18  60  44  75
18  61  40  79
18  62  67  82
18  63  39  82
18  64  43  84
18  65  51  63
18  66  47  78
18  67  52  96
18  68  47  98
18  69  43  97
19  0  33  71
19  1  23  71
19  2  27  91
19  3  30  78
19  4  20  75
19  5  23  69
19  6  32  98
19  7  31  96
19  8  24  72
19  9  21  65
19  10  24  89
19  11  30  83
19  12  22  99
19  13  33  94
19  14  27  83
19  15  28  66
19  16  23  81
19  17  22  84
19  18  25  64
19  19  18  88
19  20  19  62
19  21  30  72
19  22  32  87
19  23  22  77
19  24  32  63
19  25  17  67
19  26  30  87
19  27  28  92
19  28  17  61
19  29  21  71
19  30  21  85
19  31  21  80
19  32  21  87
19  33  23  91
19  34  24  82
19  35  24  87
19  36  17  95
19  37  21  78
19  38  30  75
19  39  27  91
19  40  26  67
19  41  25  80
19  42  31  84
19  43  17  94
19  44  31  60
19  45  28  75
19  46  17  62
19  47  29  74
19  48  33  80
19  49  29  60
19  50  32  84
19  51  20  79
19  52  17  98
19  53  17  74
19  54  28  84
19  55  18  79
19  56  25  94
19  57  30  78
19  58  27  87
19  59  20  93
19  60  17  89
19  61  29  78
19  62  28  73
19  63  26  94
19  64  19  73
19  65  32  65
19  66  32  90
19  67  30  85
19  68  29  61
19  69  26  75
20  0  194  64
20  1  177  68
20  2  176  75
20  3  217  66
20  4  155  77
20  5  154  63
20  6  111  92
20  7  123  79
20  8  156  91
20  9  214  65
20  10  113  70
20  11  216  86
20  12  114  85
20  13  142  67
20  14  163  63
20  15  193  87
20  16  173  68
20  17  127  60
20  18  130  62
20  19  199  90
20  20  169  78
20  21  185  99
20  22  122  77
20  23  132  77
20  24  162  89
20  25  195  72
20  26  116  78
20  27  116  97
20  28  143  73
20  29  169  88
20  30  158  61
20  31  170  82
20  32  111  97
20  33  208  66
20  34  140  82
20  35  127  80
20  36  135  84
20  37  170  92
20  38  176  69
20  39  156  63
20  40  175  65
20  41  204  84
20  42  144  72
20  43  203  84
20  44  196  96
20  45  128  86
20  46  198  80
20  47  180  65
20  48  165  67
20  49  148  87
20  50  203  72
20  51  145  94
20  52  166  94
20  53  213  62
20  54  157  91
20  55  198  78
20  56  212  61
20  57  197  98
20  58  120  79
20  59  184  72
20  60  110  68
20  61  178  71
20  62  142  77
20  63  175  74
20  64  132  81
20  65  212  74
20  66  199  66
20  67  214  83
20  68  116  75
20  69  160  92
21  0  44  62
21  1  33  93
21  2  33  68
21  3  43  63
21  4  32  99
21  5  46  77
21  6  28  96
21  7  46  64
21  8  33  67
21  9  49  80
21  10  35  65
21  11  28  82
21  12  30  61
21  13  33  92
21  14  47  75
21  15  47  82
21  16  33  79
21  17  37  74
21  18  41  63
21  19  35  91
21  20  32  66
21  21  28  74
21  22  35  90
21  23  33  91
21  24  37  64
21  25  27  84
21  26  38  73
21  27  29  86
21  28  51  67
21  29  29  96
21  30  53  69
21  31  52  67
21  32  42  60
21  33  52  63
21  34  36  77
21  35  38  95
21  36  32  75
21  37  28  78
21  38  41  63
21  39  33  85
21  40  42  89
21  41  27  91
21  42  53  66
21  43  51  62
21  44  47  99
21  45  36  81
21  46  40  66
21  47  46  73
21  48  29  91
21  49  31  97
21  50  38  86
21  51  35  70
21  52  44  62
21  53  48  95
21  54  29  82
21  55  36  85
21  56  50  83
21  57  46  73
21  58  45  89
21  59  50  96
21  60  38  84
21  61  51  75
21  62  48  75
21  63  29  94
21  64  46  92
21  65  51  94
21  66  27  84
21  67  47  82
21  68  40  67
21  69  32  98
22  0  66  66
22  1  62  95
22  2  96  72
22  3  70  85
22  4  77  81
22  5  79  79
22  6  64  66
22  7  78  68
22  8  95  99
22  9  108  91
22  10  112  68
22  11  109  95
22  12  100  64
22  13  90  60
22  14  102  66
22  15  59  70
22  16  93  74
22  17  104  89
22  18  59  87
22  19  87  96
22  20  77  77
22  21  98  62
22  22  62  88
22  23  74  80
22  24  68  88
22  25  99  70
22  26  84  82
22  27  112  76
22  28  73  63
22  29  113  60
22  30  86  65
22  31  112  86
22  32  60  89
22  33  98  66
22  34  102  93
22  35  114  97
22  36  102  91
22  37  62  86
22  38  80  94
22  39  87  72
22  40  95  97
22  41  77  62
22  42  80  85
22  43  115  84
22  44  87  67
22  45  88  87
22  46  96  91
22  47  87  84
22  48  76  75
22  49  63  61
22  50  108  71
22  51  111  73
22  52  93  64
22  53  75  70
22  54  109  96
22  55  99  97
22  56  113  83
22  57  93  65
22  58  82  76
22  59  66  90
22  60  87  69
22  61  62  70
22  62  88  79
22  63  79  86
22  64  74  67
22  65  62  82
22  66  105  75
22  67  101  97
22  68  69  97
22  69  63  90
23  0  185  61
23  1  235  84
23  2  194  96
23  3  205  86
23  4  183  78
23  5  169  87
23  6  160  61
23  7  233  74
23  8  215  93
23  9  209  69
23  10  165  89
23  11  166  78
23  12  238  75
23  13  187  92
23  14  183  71
23  15  194  80
23  16  238  85
23  17  221  65
23  18  232  76
23  19  187  99
23  20  219  77
23  21  196  82
23  22  218  64
23  23  210  69
23  24  197  91
23  25  190  76
23  26  141  93
23  27  172  82
23  28  134  98
23  29  208  71
23  30  164  63
23  31  157  82
23  32  157  96
23  33  227  80
23  34  241  84
23  35  146  72
23  36  151  66
23  37  221  70
23  38  207  86
23  39  140  93
23  40  214  61
23  41  144  69
23  42  186  65
23  43  129  99
23  44  228  77
23  45  124  84
23  46  223  79
23  47  176  78
23  48  147  84
23  49  234  76
23  50  125  99
23  51  137  69
23  52  159  88
23  53  239  74
23  54  226  79
23  55  159  93
23  56  219  97
23  57  124  96
23  58  136  65
23  59  190  89
23  60  200  75
23  61  230  84
23  62  170  62
23  63  201  92
23  64  145  94
23  65  170  91
23  66  207  87
23  67  179  95
23  68  154  61
23  69  207  91
24  0  129  74
24  1  166  78
24  2  91  90
24  3  165  80
24  4  110  62
24  5  106  60
24  6  119  97
24  7  129  64
24  8  92  86
24  9  126  73
24  10  134  73
24  11  86  66
24  12  91  77
24  13  159  62
24  14  91  90
24  15  137  94
24  16  98  60
24  17  114  72
24  18  111  79
24  19  115  79
24  20  145  78
24  21  166  89
24  22  151  79
24  23  115  66
24  24  163  81
24  25  115  92
24  26  124  76
24  27  87  71
24  28  144  68
24  29  101  94
24  30  129  69
24  31  167  65
24  32  164  88
24  33  129  61
24  34  140  93
24  35  106  94
24  36  157  89
24  37  90  98
24  38  137  67
24  39  142  65
24  40  104  93
24  41  133  72
24  42  92  89
24  43  151  70
24  44  153  67
24  45  162  73
24  46  91  64
24  47  164  85
24  48  122  85
24  49  144  93
24  50  166  63
24  51  145  72
24  52  131  97
24  53  128  80
24  54  92  83
24  55  90  87
24  56  156  73
24  57  145  77
24  58  124  87
24  59  110  64
24  60  141  72
24  61  133  89
24  62  113  98
24  63  133  92
24  64  97  82
24  65  158  61
24  66  121  91
24  67  120  79
24  68  87  95
24  69  130  71
25  0  60  74
25  1  68  80
25  2  84  95
25  3  70  97
25  4  88  69
25  5  62  95
25  6  82  72
25  7  66  88
25  8  60  71
25  9  71  98
25  10  69  78
25  11  96  72
25  12  94  77
25  13  66  85
25  14  60  79
25  15  77  97
25  16  83  64
25  17  94  91
25  18  74  91
25  19  86  68
25  20  86  97
25  21  91  61
25  22  74  65
25  23  70  99
25  24  76  60
25  25  79  77
25  26  55  75
25  27  56  64
25  28  95  65
25  29  89  80
25  30  97  70
25  31  65  74
25  32  75  98
25  33  84  95
25  34  49  95
25  35  82  63
25  36  81  98
25  37  50  79
25  38  87  61
25  39  68  67
25  40  97  93
25  41  73  61
25  42  71  78
25  43  65  83
25  44  67  65
25  45  91  63
25  46  86  68
25  47  49  74
25  48  82  84
25  49  66  71
25  50  50  88
25  51  93  89
25  52  67  77
25  53  57  98
25  54  49  99
25  55  75  60
25  56  84  79
25  57  54  81
25  58  82  94
25  59  77  92
25  60  68  68
25  61  97  62
25  62  68  90
25  63  78  64
25  64  67  65
25  65  96  95
25  66  87  73
25  67  51  91
25  68  58  63
25  69  55  97
26  0  39  83
26  1  20  85
26  2  21  88
26  3  21  69
26  4  31  97
26  5  21  83
26  6  39  65
26  7  27  61
26  8  23  63
26  9  29  92
26  10  29  98
26  11  36  93
26  12  22  69
26  13  29  74
26  14  27  84
26  15  20  96
26  16  21  89
26  17  20  78
26  18  35  96
26  19  29  83
26  20  37  87
26  21  38  77
26  22  24  97
26  23  39  73
26  24  36  83
26  25  20  75
26  26  27  91
26  27  21  73
26  28  28  94
26  29  34  83
26  30  28  90
26  31  22  66
26  32  38  70
26  33  39  97
26  34  38  98
26  35  32  96
26  36  23  93
26  37  27  65
26  38  22  66
26  39  36  84
26  40  26  88
26  41  32  62
26  42  23  88
26  43  24  64
26  44  36  68
26  45  28  60
26  46  24  69
26  47  30  61
26  48  34  84
26  49  28  94
26  50  24  73
26  51  35  68
26  52  38  87
26  53  24  77
26  54  29  61
26  55  21  63
26  56  30  92
26  57  33  61
26  58  29  73
26  59  35  96
26  60  27  66
26  61  28  66
26  62  28  97
26  63  37  87
26  64  22  84
26  65  21  97
26  66  31  83
26  67  25  64
26  68  34  78
26  69  37  83
27  0  107  80
27  1  89  83
27  2  81  80
27  3  106  69
27  4  101  94
27  5  91  88
27  6  64  87
27  7  81  77
27  8  62  69
27  9  72  62
27  10  62  99
27  11  88  74
27  12  90  99
27  13  72  90
27  14  80  68
27  15  64  89
27  16  62  76
27  17  101  68
27  18  86  62
27  19  70  97
27  20  88  72
27  21  83  94
27  22  68  61
27  23  106  98
27  24  63  85
27  25  74  90
27  26  89  64
27  27  100  62
27  28  62  86
27  29  71  96
27  30  60  79
27  31  94  64
27  32  80  67
27  33  67  89
27  34  63  63
27  35  91  81
27  36  64  92
27  37  97  94
27  38  84  86
27  39  70  84
27  40  65  75
27  41  62  93
27  42  102  85
27  43  67  92
27  44  97  95
27  45  75  60
27  46  68  81
27  47  68  78
27  48  78  97
27  49  61  89
27  50  67  80
27  51  92  73
27  52  54  90
27  53  72  69
27  54  101  97
27  55  88  72
27  56  79  78
27  57  92  82
27  58  90  99
27  59  106  97
27  60  63  88
27  61  94  82
27  62  61  65
27  63  80  94
27  64  106  62
27  65  94  75
27  66  70  91
27  67  93  69
27  68  80  77
27  69  90  99
28  0  74  63
28  1  54  70
28  2  82  79
28  3  67  68
28  4  59  65
28  5  54  62
28  6  44  98
28  7  73  69
28  8  64  96
28  9  57  99
28  10  72  65
28  11  81  98
28  12  70  66
28  13  69  81
28  14  71  63
28  15  67  63
28  16  79  79
28  17  82  84
28  18  50  67
28  19  57  85
28  20  85  64
28  21  71  71
28  22  53  75
28  23  65  75
28  24  78  84
28  25  73  87
28  26  79  77
28  27  78  66
28  28  81  82
28  29  61  94
28  30  50  87
28  31  52  86
28  32  63  69
28  33  69  97
28  34  79  85
28  35  81  64
28  36  48  82
28  37  49  82
28  38  54  70
28  39  81  76
28  40  58  79
28  41  55  63
28  42  47  83
28  43  64  96
28  44  76  70
28  45  53  91
28  46  67  66
28  47  70  64
28  48  54  75
28  49  62  62
28  50  64  98
28  51  54  86
28  52  45  77
28  53  60  68
28  54  64  68
28  55  75  77
28  56  70  93
28  57  47  96
28  58  63  97
28  59  45  65
28  60  56  67
28  61  78  94
28  62  47  67
28  63  53  94
28  64  43  64
28  65  70  60
28  66  68  98
28  67  53  96
28  68  83  76
28  69  81  63
29  0  127  75
29  1  159  91
29  2  118  87
29  3  118  75
29  4  109  65
29  5  145  98
29  6  128  64
29  7  157  72
29  8  145  84
29  9  105  74
29  10  138  85
29  11  154  66
29  12  142  71
29  13  139  75
29  14  125  81
29  15  114  79
29  16  118  95
29  17  110  92
29  18  103  77
29  19  124  77
29  20  143  75
29  21  153  98
29  22  149  79
29  23  98  64
29  24  98  68
29  25  151  75
29  26  137  69
29  27  142  70
29  28  134  72
29  29  99  64
29  30  148  89
29  31  93  95
29  32  105  78
29  33  140  83
29  34  92  94
29  35  127  67
29  36  87  89
29  37  130  89
29  38  87  62
29  39  84  89
29  40  96  74
29  41  150  81
29  42  110  94
29  43  144  98
29  44  118  86
29  45  141  98
29  46  107  74
29  47  119  76
29  48  140  82
29  49  126  97
29  50  154  96
29  51  113  64
29  52  120  69
29  53  159  82
29  54  155  63
29  55  87  65
29  56  129  93
29  57  139  80
29  58  109  91
29  59  115  71
29  60  144  79
29  61  158  63
29  62  149  85
29  63  131  60
29  64  99  93
29  65  134  64
29  66  101  60
29  67  135  71
29  68  101  67
29  69  148  74